Omen 16
i9 
rtx 4060
32gb ram ddr5

1 and 2 version with 32 batch_size
1 version:
PARAM_GRID = {
    "epochs": [10, 30, 50, 100],
    "window_size": [10, 30, 60],
    "hidden_size": [64, 128, 256],
    "lr": [0.005, 0.001, 0.0005]
}
experiments: 48

results - top 20 :

147	crypto	LSTM	0.038566	0.053158	10	10	64	0.0005
7	traditional	GRU	0.038586	0.052745	10	10	128	0.0010
6	traditional	LSTM	0.038726	0.053011	10	10	128	0.0010
145	crypto	GRU	0.038798	0.053990	10	10	64	0.0010
9	traditional	LSTM	0.038801	0.053011	10	10	128	0.0005
43	traditional	GRU	0.038981	0.052853	30	10	128	0.0010
3	traditional	LSTM	0.039037	0.053431	10	10	64	0.0005
1	traditional	GRU	0.039061	0.053016	10	10	64	0.0010
0	traditional	LSTM	0.039104	0.053324	10	10	64	0.0010
40	traditional	GRU	0.039137	0.053185	30	10	64	0.0005
76	traditional	GRU	0.039206	0.053244	50	10	64	0.0005
4	traditional	GRU	0.039410	0.053392	10	10	64	0.0005
36	traditional	LSTM	0.039455	0.053920	30	10	64	0.0010
39	traditional	LSTM	0.039572	0.053883	30	10	64	0.0005
46	traditional	GRU	0.039584	0.054069	30	10	128	0.0005
148	crypto	GRU	0.039614	0.054433	10	10	64	0.0005
45	traditional	LSTM	0.039664	0.053796	30	10	128	0.0005
75	traditional	LSTM	0.039738	0.053908	50	10	64	0.0005
111	traditional	LSTM	0.039848	0.053788	100	10	64	0.0005
297	combined	LSTM	0.040028	0.054751	10	10	128	0.0005

training time: 19min 21s



2 version:

PARAM_GRID = {
    "epochs": [5, 10, 15, 20, 30],
    "window_size": [5, 10, 15, 20],
    "hidden_size": [32, 64, 128, 256, 512],
    "lr": [0.005, 0.001, 0.0005, 0.0003]
}

experiments: 400

results - top 20:


config	model	mae	rmse	epochs	window	hidden_size	lr
2407	combined	GRU	0.037725	0.052297	5	5	32	0.0005
55	traditional	GRU	0.037854	0.052147	5	5	512	0.0005
487	traditional	GRU	0.037868	0.052377	15	5	32	0.0005
502	traditional	GRU	0.037879	0.052250	15	5	64	0.0003
1246	crypto	GRU	0.037962	0.053228	5	5	256	0.0003
486	traditional	LSTM	0.037976	0.052121	15	5	32	0.0005
1015	traditional	GRU	0.037988	0.052451	30	5	512	0.0005
529	traditional	GRU	0.037991	0.051963	15	5	512	0.0050
279	traditional	LSTM	0.037998	0.052397	10	5	256	0.0010
3	traditional	LSTM	0.037999	0.052122	5	5	32	0.0010
289	traditional	GRU	0.038005	0.052017	10	5	512	0.0050
747	traditional	LSTM	0.038074	0.052557	20	5	128	0.0010
531	traditional	LSTM	0.038090	0.052556	15	5	512	0.0010
2170	crypto	GRU	0.038091	0.052658	30	5	32	0.0003
1257	crypto	LSTM	0.038096	0.053085	5	5	512	0.0003
739	traditional	GRU	0.038099	0.052349	20	5	64	0.0005
750	traditional	LSTM	0.038111	0.052433	20	5	128	0.0005
496	traditional	GRU	0.038125	0.052100	15	5	64	0.0010
982	traditional	GRU	0.038131	0.052609	30	5	64	0.0003
240	traditional	LSTM	0.038148	0.052645	10	5	32	0.0050




training time: 58min 31s




3 version:

PARAM_GRID = {
    "epochs": [5, 10, 20],
    "window_size": [3, 4, 5, 7],
    "hidden_size": [32, 64, 128, 256],
    "lr": [ 0.005, 0.001, 0.0005, 0.0001]
}
BATCH_SIZES = [8, 16, 32, 64]

experiments: 768

results - top 20:


	config	model	mae	rmse	epochs	window	hidden_size	lr	batch_size
2334	crypto	LSTM	0.037225	0.051395	5	3	32	0.0005	32
4071	crypto	LSTM	0.037283	0.051739	20	4	32	0.0001	16
2832	crypto	LSTM	0.037295	0.052193	5	5	256	0.0050	8
1013	traditional	CNN	0.037315	0.051626	10	4	64	0.0050	16
3168	crypto	LSTM	0.037340	0.051956	10	3	128	0.0050	8
2641	crypto	GRU	0.037403	0.052361	5	4	256	0.0050	8
1758	traditional	LSTM	0.037472	0.051884	20	4	32	0.0005	32
3988	crypto	GRU	0.037492	0.051734	20	3	256	0.0050	16
1024	traditional	GRU	0.037498	0.051802	10	4	64	0.0010	16
1884	traditional	LSTM	0.037504	0.051841	20	4	256	0.0010	8
3169	crypto	GRU	0.037506	0.051932	10	3	128	0.0050	8
3262	crypto	GRU	0.037518	0.051970	10	3	256	0.0001	64
5774	combined	CNN	0.037523	0.052075	10	5	32	0.0010	8
1746	traditional	LSTM	0.037526	0.052057	20	4	32	0.0010	32
1738	traditional	GRU	0.037551	0.052265	20	4	32	0.0050	64
1830	traditional	LSTM	0.037583	0.051800	20	4	128	0.0050	32
2775	crypto	LSTM	0.037589	0.052498	5	5	64	0.0001	16
1909	traditional	GRU	0.037591	0.051843	20	4	256	0.0001	8
318	traditional	LSTM	0.037591	0.051820	5	4	128	0.0005	32
2667	crypto	LSTM	0.037592	0.052578	5	4	256	0.0005	16


training time:  168 min



4 version - agregando lstm

config	model	mae	rmse	epochs	window	hidden_size	lr	batch_size
1374	combined	GRU	0.036776	0.051140	10	3	64	0.0010	16
1238	combined	GRU	0.036794	0.051156	5	3	256	0.0005	8
840	crypto	LSTM	0.036874	0.051252	10	3	256	0.0010	8
1420	combined	LSTM	0.037100	0.051912	10	3	256	0.0010	16
1394	combined	GRU	0.037116	0.051743	10	3	128	0.0010	8
1382	combined	GRU	0.037153	0.051729	10	3	64	0.0005	8
1424	combined	LSTM	0.037159	0.051822	10	3	256	0.0010	32
1620	combined	LSTM	0.037176	0.051886	20	3	256	0.0005	8
1624	combined	LSTM	0.037186	0.052198	20	3	256	0.0005	16
1392	combined	LSTM	0.037206	0.051506	10	3	128	0.0010	8
1054	crypto	GRU	0.037283	0.051573	20	3	256	0.0005	32
1241	combined	LSTM_Attn	0.037288	0.051610	5	3	256	0.0005	16
94	btc_only	GRU	0.037332	0.051709	5	3	256	0.0005	32
1438	combined	GRU	0.037343	0.051668	10	3	256	0.0005	32
1188	combined	LSTM	0.037348	0.051723	5	3	64	0.0005	8
662	crypto	GRU	0.037348	0.051652	5	3	256	0.0005	8
1226	combined	GRU	0.037360	0.051685	5	3	256	0.0010	8
1152	combined	LSTM	0.037369	0.051660	5	3	32	0.0010	8
1398	combined	GRU	0.037371	0.052165	10	3	128	0.0010	16
816	crypto	LSTM	0.037372	0.051562	10	3	128	0.0010	8




tiempo: 58 min